pyr_levels = 6
lk_win_size = 10
lk_num_iters = 5
harris_k = 0.01
harris_thresh = 5.0
harris_cell_size = 18
seed = 1234
samples = 1200
errThreshold = 0.5
minPixelDis = 1.1
maxPixelDis = 50.0
camModelOpt = 0
pFx = 1448.4650273883371
pFy = 1448.4650273883371
pCx = 639.0	
pCy = 359.25
pK1 = 0.075
pK2 = -0.5
pP1 = 0.0
pP2 = 0.0
