pyr_levels = 6
lk_win_size = 10
lk_num_iters = 5
harris_k = 0.01
harris_thresh = 5.0
harris_cell_size = 18
seed = 1234
samples = 1200
errThreshold = 0.5
minPixelDis = 1.1
maxPixelDis = 50.0
camModelOpt = 0
pFx = 595.6543384862644
pFy = 595.6543384862644
pCx = 319.5
pCy = 239.5
pP1 = 0.0
pP2 = 0.0
pK1 = -4.4688069423840865e-01
pK2 = 2.6100528802816081e-01
pK3 = -6.2279852268793255e-02
