pyr_levels = 6
lk_win_size = 10
lk_num_iters = 5
harris_k = 0.1
harris_thresh = 5.0
harris_cell_size = 18
seed = 1234
samples = 1200
errThreshold = 0.5
minPixelDis = 1.1
maxPixelDis = 50.0
camModelOpt = 0
pP1 = 0.0
pP2 = 0.0
pFx = 1786.963015458793
pFy = 1786.963015458793
pCx = 958.5
pCy = 538.875
pK1 = 0.1
pK2 = 0.2
pK3 = 0.1
